-2.040504 -0.108537
-1.876730 -0.132963
-1.740669 -0.154122
-1.626362 -0.172854
-1.535789 -0.190553
-1.440168 -0.204442
-1.360364 -0.217546
-1.288442 -0.229310
-1.224399 -0.240152
-1.164302 -0.249656
-1.112058 -0.258933
-1.059860 -0.266460
-1.014514 -0.274055
-0.972123 -0.280974
-0.932680 -0.287373
-0.896173 -0.293408
-0.862586 -0.299233
-0.830017 -0.304316
-0.800343 -0.309430
-0.770750 -0.313600
-0.744945 -0.318396
-0.719213 -0.322387
-0.695387 -0.326423
-0.672544 -0.330164
-0.650678 -0.333662
-0.629783 -0.336967
0.734984 -0.388347
0.739011 -0.357988
0.742743 -0.328226
0.747169 -0.299378
0.751440 -0.270957
0.752739 -0.241999
0.760651 -0.215430
2.183679 0.015023
2.175036 0.053071
1.312715 0.123411
1.316268 0.147082
0.642419 0.200698
0.621692 0.206233
0.624300 0.231797
3.205523 2.464751
3.122757 2.489338
2.974355 3.256611
2.789221 3.163438
2.670516 3.137935
1.616612 2.874067
1.550339 2.872920
1.497017 2.894323
1.593051 3.216702
1.504345 3.176354
1.446415 3.197679
1.249473 2.896619
1.327060 3.230694
1.262625 3.233904
1.196401 3.230228
1.137982 3.245993
0.950703 2.872473
0.886830 2.845754
0.829813 2.836887
0.769680 2.813401
0.719287 2.822604
0.685401 2.900969
0.693157 3.181225
0.603181 3.022291
0.548178 3.021601
0.491120 3.006101
0.438676 3.016253
0.383993 3.009621
0.097717 1.733407
0.067238 1.732892
0.037212 1.749838
0.006530 1.749260
-0.024283 1.761145
-0.055779 1.781479
-0.087423 1.789259
-0.119096 1.792484
-0.151815 1.806109
-0.186343 1.832070
-0.540335 3.498172
-0.604398 3.504973
-0.675761 3.546952
-0.733709 3.515040
-0.808622 3.561196
-1.087088 3.599472
-1.151795 3.585648
-1.245945 3.657771
-2.303488 4.016046
-2.377564 3.982028
-2.486988 4.004438
-3.071421 3.426363
-3.028985 3.262122
-3.075270 3.197831
-3.072994 3.085414
-3.085676 2.991490
-3.058820 2.863198
-3.056614 2.762288
-3.066135 2.674850
-3.212660 2.705282
-3.374343 2.742112
-3.732611 2.721169
-3.693841 2.595041
-3.785094 2.561457
-3.789192 2.468628
-3.788672 2.374854
-3.787755 2.282897
-3.801227 2.201242
-3.813881 2.120307
-3.850452 2.053274
-3.811965 1.947787
-3.845518 1.880814
-3.953051 1.848481
-3.826927 1.708405
-3.835132 1.632183
-3.865937 1.565982
-3.874140 1.490925
-3.859304 1.408162
-3.883405 1.340443
-3.912971 1.274487
-3.861122 1.183229
-3.881287 1.115513
-3.637988 0.512050
-3.577963 0.439867
-3.625933 0.381544
-3.672944 0.321676
-3.719954 0.260350
-3.711007 0.194556
