-2.038187 -0.107115
-1.874397 -0.131437
-1.738323 -0.152509
-1.624004 -0.171169
-1.533420 -0.188810
-1.437791 -0.202638
-1.357977 -0.215691
-1.286049 -0.227410
-1.221999 -0.238211
-1.161895 -0.247677
-1.109645 -0.256921
-1.057443 -0.264415
-1.012092 -0.271980
-0.969696 -0.278872
-0.930249 -0.285247
-0.893739 -0.291258
-0.860148 -0.297062
-0.827576 -0.302125
-0.797898 -0.307219
-0.768303 -0.311371
-0.742494 -0.316150
-0.716760 -0.320125
-0.692932 -0.324145
-0.670087 -0.327872
-0.648218 -0.331356
-0.627321 -0.334649
0.737479 -0.385161
0.741486 -0.354800
0.745199 -0.325035
0.749607 -0.296184
0.753860 -0.267760
0.755141 -0.238802
0.763036 -0.212228
2.185916 0.019129
2.177249 0.057172
1.314884 0.126964
1.318422 0.150637
0.644539 0.203826
0.623809 0.209348
0.626400 0.234913
3.206204 2.469507
3.123422 2.494041
2.974532 3.261220
2.789458 3.167928
2.670769 3.142351
1.617033 2.877813
1.550761 2.876624
1.497425 2.897993
1.593254 3.220433
1.504574 3.180029
1.446630 3.201317
1.249880 2.900132
1.327255 3.234256
1.262817 3.237424
1.196596 3.233707
1.138166 3.249435
0.951125 2.875796
0.887270 2.849036
0.830258 2.840133
0.770140 2.816609
0.719741 2.825779
0.685805 2.904123
0.693384 3.184384
0.603508 3.025393
0.548506 3.024668
0.491457 3.009131
0.439007 3.019251
0.384328 3.012584
0.098863 1.736187
0.068384 1.735653
0.038348 1.752581
0.007666 1.751983
-0.023154 1.763848
-0.054663 1.784163
-0.086312 1.791922
-0.117988 1.795127
-0.150715 1.808732
-0.185260 1.834670
-0.540310 3.500547
-0.604378 3.507308
-0.675767 3.549241
-0.733694 3.517292
-0.808638 3.563400
-1.087128 3.601500
-1.151825 3.587635
-1.246022 3.659698
-2.303792 4.017301
-2.377846 3.983236
-2.487285 4.005576
-3.071350 3.427129
-3.028809 3.262916
-3.075054 3.198595
-3.072706 3.086179
-3.085329 2.992248
-3.058392 2.863973
-3.056121 2.763064
-3.065586 2.675620
-3.212131 2.705959
-3.373837 2.742687
-3.732092 2.721516
-3.693241 2.595412
-3.784473 2.561770
-3.788512 2.468939
-3.787933 2.375165
-3.786957 2.283208
-3.800377 2.201545
-3.812980 2.120602
-3.849509 2.053546
-3.810955 1.948083
-3.844464 1.881089
-3.951977 1.848688
-3.825764 1.708691
-3.833921 1.632464
-3.864684 1.566244
-3.872838 1.491181
-3.857950 1.408428
-3.882008 1.340694
-3.911532 1.274719
-3.859626 1.183495
-3.879747 1.115766
-3.636065 0.512458
-3.575994 0.440312
-3.623927 0.381959
-3.670899 0.322061
-3.717871 0.260705
-3.708882 0.194916
