-2.022760 -0.070833
-1.742307 -0.152859
-1.625993 -0.171378
-1.532427 -0.188688
-1.437791 -0.202638
-1.358965 -0.215848
-1.286049 -0.227410
-1.218073 -0.237445
-1.161895 -0.247677
-1.108671 -0.256695
-1.057443 -0.264415
-1.011127 -0.271721
-0.969696 -0.278872
-0.929293 -0.284953
-0.893739 -0.291258
-0.859203 -0.296735
-0.826636 -0.301782
-0.796965 -0.306860
-0.768303 -0.311371
-0.741574 -0.315759
-0.715847 -0.319717
-0.692932 -0.324145
-0.669188 -0.327433
-0.647328 -0.330901
-0.627321 -0.334649
0.737479 -0.385161
0.742388 -0.355231
0.745199 -0.325035
0.748677 -0.295816
0.753860 -0.267760
0.757048 -0.239405
0.763036 -0.212228
2.185916 0.019129
2.179249 0.057225
1.314884 0.126964
1.317429 0.150524
0.646446 0.204429
0.624757 0.209666
0.626400 0.234913
3.210958 2.473168
3.116389 2.488426
2.932751 3.215412
2.768971 3.144662
2.689550 3.164448
1.618992 2.881300
1.550761 2.876624
1.495130 2.893551
1.592367 3.218641
1.515693 3.203531
1.447454 3.203140
1.244735 2.888193
1.316625 3.208352
1.262091 3.235561
1.202842 3.250589
1.139819 3.254154
0.951753 2.877695
0.887270 2.849036
0.828294 2.833414
0.773304 2.828184
0.725418 2.848068
0.701893 2.972249
0.686575 3.153116
0.604291 3.029316
0.546900 3.015813
0.493553 3.021961
0.439007 3.019251
0.381797 2.992744
0.129753 1.741172
0.098579 1.731196
0.068542 1.739650
0.038304 1.750581
0.007705 1.760983
-0.023220 1.768848
-0.054510 1.779165
-0.086312 1.791922
-0.118119 1.797122
-0.150632 1.807735
-0.185360 1.835665
-0.542141 3.512406
-0.604378 3.507308
-0.679133 3.566923
-0.734715 3.522187
-0.808638 3.563400
-1.075569 3.563206
-1.171389 3.648571
-1.249567 3.670111
-2.297822 4.006891
-2.315825 3.879341
-2.492032 4.013222
-3.065205 3.543126
-3.090705 3.448725
-3.047178 3.282704
-3.098618 3.223106
-3.104456 3.118069
-3.090354 2.997121
-3.078100 2.882428
-3.061314 2.767758
-3.067847 2.677593
-3.176185 2.675678
-3.373837 2.742687
-3.570826 2.800473
-3.719423 2.613811
-3.781160 2.559528
-3.775108 2.460203
-3.765905 2.361352
-3.803229 2.293018
-3.771822 2.185003
-3.803367 2.115256
-3.839803 2.048369
-3.842119 1.964014
-3.854345 1.885924
-3.932050 1.839366
-3.847678 1.718479
-3.830241 1.630897
-3.848928 1.559858
-3.839242 1.478246
-3.842921 1.402941
-3.894296 1.344938
-3.892517 1.268522
-3.869186 1.186426
-3.882630 1.116595
-3.633095 0.512039
-3.583934 0.441290
-3.623927 0.381959
-3.678869 0.322760
-3.704902 0.259796
